8
A6 1990 2000.99
A4 1995 1000.99
A3 1999 500.99
A5 2010 1500.99
A6 2015 38599.99
A5 2016 41499.99
A4 2017 33344.99
A3 2018 36199.99
9
IS250 2000 1200.80
GS250_F_sport 2001 3500.10
ES350 2004 2000.99
LS500h 2005 6000.99
IS250 2008 39500.80
ES350 2012 39999.99
GS250_F_sport 2018 53255.10
LS500h 2018 82729.99
RX450h 2018 54555.55
6
1_series 2010 49990.90
3_series 2011 49990.90
4_series 2014 41190.90
5_series 2016 53939.30
7_series 2018 80575.75
X5 2018 58195.55
4
c220_sport 2018 71279.99
e400 2018 58900.90
s560 2018 103895.95
maybach 2018 240500.50
4
911 2015 320100.10
Cayman 2017 67700.70
Boxster 2018 82800.80
Cayenne_turbo_S 2018 161600.60	
4
1990 1
1995 1
1999 1
2000 1
3
2004 1
2005 1
2010 1
3
2008 1
2017 1
2018 3
3
2015 1
2016 1
2017 1